FormKey: 05D344:Skyrim.esm
IsCompressed: True
MajorRecordFlagsRaw: 262144
EditorID: BrinewaterGrottoOrigin
Version2: 4
SkyrimMajorRecordFlags:
- Compressed
Flags:
- HasWater
Grid:
  Point: -2, 2
  Flags: -279297536
WaterHeight: -2.1474836E+09
AcousticSpace: 01989F:Skyrim.esm
Music: 094BDD:Skyrim.esm
Temporary:
- MutagenObjectType: PlacedNpc
  FormKey: 473E9E:Requiem.esp
  Base: 37244A:Requiem.esp
  Placement:
    Position: -7872.463, 9127.5625, 391.18396
    Rotation: 0, 0, 1.2542338E-05
- MutagenObjectType: PlacedNpc
  FormKey: 473E9F:Requiem.esp
  Base: 37244A:Requiem.esp
  Placement:
    Position: -7931.8813, 9131.986, 391.18396
    Rotation: 0, 0, 1.2542338E-05
- MutagenObjectType: PlacedNpc
  FormKey: 473EA0:Requiem.esp
  Base: 37244A:Requiem.esp
  Placement:
    Position: -7986.314, 9189.19, 391.18396
    Rotation: 0, 0, 1.2542338E-05
- MutagenObjectType: PlacedNpc
  FormKey: 473EA1:Requiem.esp
  Base: 37244A:Requiem.esp
  Placement:
    Position: -8025.8755, 9248.471, 391.18396
    Rotation: 0, 0, 1.2542338E-05
- MutagenObjectType: PlacedNpc
  FormKey: 473EA2:Requiem.esp
  Base: 37244A:Requiem.esp
  Placement:
    Position: -7919.95, 9205.72, 391.18396
    Rotation: 0, 0, 1.2542338E-05
- MutagenObjectType: PlacedObject
  FormKey: 05E5BA:Skyrim.esm
  Version2: 4
  Base: 03AC21:Skyrim.esm
  Lock:
    Level: Novice
    Unused: 0x000000
    Unused2: 0x0000000000000000000000
  LocationReference: 05F428:Skyrim.esm
  Placement:
    Position: -6348.7964, 10601.246, -54.445465
    Rotation: 0.48186374, -0.51087594, 3.8492138
MajorFlags:
- 0x40000
