FormKey: 02C97C:Skyrim.esm
Flags:
- HasWater
Grid:
  Point: 24, -13
  Flags: -279298048
WaterHeight: -2056
AcousticSpace: 01989F:Skyrim.esm
Music: 094BDD:Skyrim.esm
ImageSpace: 0C1302:Skyrim.esm
Temporary:
- MutagenObjectType: PlacedObject
  FormKey: 03BAF4:Skyrim.esm
  Base: 03AC21:Skyrim.esm
  Lock:
    Level: Novice
    Unused: 0x000000
    Unused2: 0x0000000000000000000000
  LocationReference: 01915F:Skyrim.esm
  Placement:
    Position: 102255.016, -49198.35, -2025.8723
    Rotation: 0.08423133, 0.053967327, 1.0022798
