FormKey: 03A9DE:Skyrim.esm
Version2: 1
Flags:
- HasWater
Grid:
  Point: 29, -4
  Flags: -279297536
WaterHeight: 3.4028235E+38
ImageSpace: 0A2687:Skyrim.esm
Temporary:
- MutagenObjectType: PlacedObject
  FormKey: 0EF053:Skyrim.esm
  Version2: 1
  Base: 0EF052:Skyrim.esm
  Lock:
    Level: Apprentice
    Unused: 0x000000
    Unused2: 0x0000000000000000000000
  LocationReference: 0192AC:Skyrim.esm
  Placement:
    Position: 121575.27, -15574.938, -1141.3557
    Rotation: 0.0058451076, 0.05134933, 5.745392
