FormKey: 02C996:Skyrim.esm
EditorID: DarkwaterCavernStart
Version2: 4
Flags:
- HasWater
Grid:
  Point: 24, -12
  Flags: -279298048
WaterHeight: -2280
AcousticSpace: 01989F:Skyrim.esm
Music: 094BDD:Skyrim.esm
ImageSpace: 0C1302:Skyrim.esm
Temporary:
- MutagenObjectType: PlacedObject
  FormKey: 03BAE3:Skyrim.esm
  Version2: 3
  Base: 03AC21:Skyrim.esm
  Lock:
    Level: Novice
    Unused: 0x000000
    Unused2: 0x0000000000000000000000
  LocationReference: 01915F:Skyrim.esm
  Placement:
    Position: 100575.38, -47015.32, -2308.9778
    Rotation: 0.22288667, 0.20671318, 1.0963486
