FormKey: 02C993:Skyrim.esm
Version2: 3
Flags:
- HasWater
Grid:
  Point: 25, -13
  Flags: -279297536
WaterHeight: -2056
ImageSpace: 0C1302:Skyrim.esm
Temporary:
- MutagenObjectType: PlacedObject
  FormKey: 03BAE7:Skyrim.esm
  Version2: 3
  Base: 03AC21:Skyrim.esm
  Lock:
    Level: Novice
    Unused: 0x000000
    Unused2: 0x0000000000000000000000
  LocationReference: 01915F:Skyrim.esm
  Placement:
    Position: 104933.01, -51080.875, -2061.2666
    Rotation: 0.47284386, -0.24702501, 4.809867
