FormKey: 020C33:Skyrim.esm
EditorID: SouthfringeNPC
Flags:
- HasWater
Grid:
  Point: 33, -17
  Flags: -279297536
WaterHeight: -2.1474836E+09
AcousticSpace: 02B3AE:Skyrim.esm
Music: 05228A:Skyrim.esm
Temporary:
- MutagenObjectType: PlacedObject
  FormKey: 03ADDF:Skyrim.esm
  Base: 03AC21:Skyrim.esm
  Scale: 0.75
  Lock:
    Level: Novice
    Unused: 0x000000
    Unused2: 0x0000000000000000000000
  LocationReference: 01914C:Skyrim.esm
  Placement:
    Position: 137911.88, -67888.375, 8853.006
    Rotation: 0.71260744, 4.9624615, 3.7538717
