FormKey: 023776:Skyrim.esm
Version2: 3
Flags:
- HasWater
Grid:
  Point: 4, 2
  Flags: -281056512
WaterHeight: 3.4028235E+38
Regions:
- 048C2E:Skyrim.esm
Temporary:
- MutagenObjectType: PlacedObject
  FormKey: 056850:Skyrim.esm
  Version2: 4
  Base: 02069A:Skyrim.esm
  Lock:
    Level: Adept
    Unused: 0x000000
    Unused2: 0x0000000000000000000000
  LocationReference: 018EE8:Skyrim.esm
  Placement:
    Position: 19628.17, 11549.555, 1188.1104
    Rotation: 1.5707953, -0.8901179, 4.712392
- MutagenObjectType: PlacedObject
  FormKey: 10E102:Skyrim.esm
  Version2: 1
  Base: 020652:Skyrim.esm
  Lock:
    Level: Expert
    Unused: 0x000000
    Unused2: 0x0000000000000000000000
  LocationReference: 018EE8:Skyrim.esm
  Placement:
    Position: 18029.473, 11896.2705, 1674.8112
    Rotation: 0, 0, 2.453987
- MutagenObjectType: PlacedNpc
  FormKey: 58670E:Requiem.esp
  Base: 025D28:Skyrim.esm
  Placement:
    Position: 17389.984, 11804.696, 1668.3605
    Rotation: 0, -0, 4.9831886
- MutagenObjectType: PlacedNpc
  FormKey: 58670F:Requiem.esp
  Base: 025D28:Skyrim.esm
  Placement:
    Position: 18840.84, 12244.828, 1676.3771
    Rotation: 0, -0, 0.80000186
- MutagenObjectType: PlacedNpc
  FormKey: 586710:Requiem.esp
  Base: 025D28:Skyrim.esm
  Placement:
    Position: 18735.04, 10993.852, 1663.2908
    Rotation: 0, -0, 2.4
- MutagenObjectType: PlacedNpc
  FormKey: 586711:Requiem.esp
  Base: 06322B:Skyrim.esm
  Placement:
    Position: 19111.467, 10340.014, 1648.0154
    Rotation: 0, -0, 3.2831926
